10.782
10.3155
10.3155
10.7677
10.7677
10.6273
10.6273
10.4377
10.4377
10.409
10.409
10.7169
10.7169
10.5694
10.5694
10.6786
10.6786
10.4891
10.4891
10.334
10.334
10.789
10.789
10.622
10.622
10.3504
10.3504
10.729
10.729
10.5417
10.5417
10.5114
10.5114
10.3609
10.3609
10.8345
10.8345
10.4333
10.4333
10.2682
10.2682
10.7556
10.7556
10.1872
10.1872
10.4927
10.4927
10.4517
10.4517
10.7485
10.7485
10.3485
10.3485
10.7715
10.7715
10.6201
10.6201
10.5167
10.5167
10.4039
10.4039
10.7368
10.7368
10.5909
10.5909
10.6876
10.6876
10.4493
10.4493
10.404
10.404
10.6552
10.6552
10.373
10.373
10.6338
10.6338
10.4701
10.4701
10.6602
10.6602
10.3234
10.3234
10.556
10.556
10.3368
10.3368
10.4142
10.4142
10.4019
10.4019
10.4951
10.4951
10.2471
10.2471
10.4664
10.4664
10.3123
10.3123
10.5286
10.5286
10.3741
10.3741
10.212
10.212
10.7516
10.7516
10.4345
10.4345
10.7597
10.7597
10.744
10.744
10.2505
10.2505
10.5506
10.5506
10.7454
10.7454
10.6336
10.6336
10.6127
10.6127
10.2977
10.2977
10.2827
10.2827
10.3144
10.3144
10.8152
10.8152
10.4877
10.4877
10.2609
10.2609
10.2458
10.2458
10.731
10.731
10.5325
10.5325
10.7937
10.7937
10.6603
10.6603
10.7201
10.7201
10.3193
10.3193
10.6441
10.6441
10.3248
10.3248
10.5695
10.5695
10.5315
10.5315
10.4759
10.4759
10.1814
10.1814
10.8674
10.8674
10.7167
10.7167
10.5418
10.5418
10.4647
10.4647
10.4993
10.4993
10.4555
10.4555
10.337
10.337
10.1935
10.1935
10.572
10.572
10.6407
10.6407
10.3007
10.3007
10.4833
10.4833
10.5475
10.5475
10.9489
10.9489
10.5014
10.5014
10.4377
10.4377
10.4268
10.4268
10.5248
10.5248
10.8081
10.8081
10.4089
10.4089
10.3077
10.3077
10.7105
10.7105
10.4347
10.4347
10.4169
10.4169
10.5191
10.5191
10.592
10.592
10.0616
10.0616
10.4297
10.4297
10.4527
10.4527
10.5974
10.5974
10.6673
10.6673
10.6034
10.6034
10.3117
10.3117
10.1773
10.1773
10.5836
10.5836
10.447
10.447
10.9424
10.9424
10.4982
10.4982
10.7596
10.7596
10.6747
10.6747
10.068
10.068
10.6308
10.6308
10.7355
10.7355
10.8122
10.8122
10.3418
10.3418
10.3551
10.3551
10.4248
10.4248
10.3553
10.3553
10.3547
10.3547
10.4842
10.4842
10.5471
10.5471
10.677
10.677
10.2371
10.2371
10.3892
10.3892
10.5399
10.5399
10.6959
10.6959
10.7865
10.7865
10.5001
10.5001
10.7689
10.7689
10.5288
10.5288
10.295
10.295
10.9332
10.9332
10.3067
10.3067
10.5431
10.5431
10.5389
10.5389
10.5351
10.5351
10.3773
10.3773
10.382
10.382
10.6863
10.6863
10.434
10.434
10.7207
10.7207
10.461
10.461
10.7038
10.7038
10.4107
10.4107
10.3631
10.3631
10.2777
10.2777
10.6375
10.6375
10.3972
10.3972
10.4342
10.4342
10.4255
10.4255
10.4092
10.4092
10.5837
10.5837
10.5506
10.5506
10.4534
10.4534
10.3151
10.3151
10.5896
10.5896
10.7004
10.7004
10.371
10.371
10.3405
10.3405
10.3595
10.3595
10.313
10.313
10.5251
10.5251
10.4617
10.4617
10.3828
10.3828
10.4211
10.4211
10.2911
10.2911
10.2431
10.2431
10.3125
10.3125
10.564
10.564
10.4728
10.4728
10.3703
10.3703
10.4972
10.4972
10.4629
10.4629
10.4055
10.4055
10.5668
10.5668
10.6511
10.6511
10.7279
10.7279
10.7785
10.7785
10.3963
10.3963
10.5238
10.5238
10.3272
10.3272
10.4706
10.4706
10.2117
10.2117
10.702
10.702
10.5682
10.5682
10.5469
10.5469
10.7891
10.7891
10.5956
10.5956
10.9145
10.9145
10.3084
10.3084
10.5506
10.5506
10.5636
10.5636
10.6612
10.6612
10.7164
10.7164
10.3075
10.3075
10.582
10.582
10.3701
10.3701
10.1151
10.1151
10.6557
10.6557
10.189
10.189
10.5699
10.5699
10.4125
10.4125
10.7156
10.7156
10.3843
10.3843
10.2841
10.2841
10.5433
10.5433
10.5588
10.5588
10.7598
10.7598
10.8186
10.8186
10.7727
10.7727
10.4866
10.4866
10.3268
10.3268
10.2985
10.2985
10.3731
10.3731
10.5267
10.5267
10.2983
10.2983
10.7099
10.7099
10.8135
10.8135
10.8476
10.8476
10.4417
10.4417
10.3572
10.3572
10.6119
10.6119
10.4588
10.4588
10.4699
10.4699
10.7741
10.7741
10.4755
10.4755
10.457
10.457
10.6345
10.6345
10.3051
10.3051
10.6087
10.6087
10.332
10.332
10.3129
10.3129
10.5284
10.5284
10.1627
10.1627
10.2347
10.2347
10.4508
10.4508
10.5242
10.5242
10.7885
10.7885
10.3527
10.3527
10.6534
10.6534
10.5087
10.5087
10.6855
10.6855
10.3089
10.3089
10.6259
10.6259
10.5896
10.5896
10.586
