10.6399
10.2792
10.2792
10.5681
10.5681
10.6566
10.6566
10.4162
10.4162
10.3626
10.3626
10.6708
10.6708
10.4089
10.4089
10.7194
10.7194
10.4211
10.4211
10.4777
10.4777
10.4029
10.4029
10.2948
10.2948
10.3965
10.3965
10.5831
10.5831
10.2649
10.2649
10.3771
10.3771
10.0376
10.0376
10.6722
10.6722
10.6443
10.6443
10.6107
10.6107
10.2388
10.2388
10.2791
10.2791
10.5346
10.5346
10.5662
10.5662
10.5872
10.5872
10.2007
10.2007
10.4442
10.4442
10.6331
10.6331
10.7669
10.7669
10.3737
10.3737
10.5624
10.5624
10.5737
10.5737
10.5
10.5
10.3131
10.3131
10.4172
10.4172
10.7233
10.7233
10.6089
10.6089
10.5102
10.5102
10.5053
10.5053
10.6326
10.6326
10.2993
10.2993
10.372
10.372
10.5239
10.5239
10.5191
10.5191
10.5754
10.5754
10.3801
10.3801
10.337
10.337
10.6414
10.6414
10.4803
10.4803
10.7931
10.7931
10.6645
10.6645
10.0805
10.0805
10.6972
10.6972
10.4706
10.4706
10.2417
10.2417
11.0181
11.0181
10.3342
10.3342
10.6736
10.6736
10.6885
10.6885
10.4166
10.4166
10.7494
10.7494
10.3499
10.3499
10.6319
10.6319
10.3884
10.3884
10.3139
10.3139
10.6249
10.6249
10.0766
10.0766
10.4183
10.4183
10.5106
10.5106
10.2485
10.2485
10.5294
10.5294
10.4765
10.4765
10.6548
10.6548
10.1889
10.1889
10.7726
10.7726
10.4972
10.4972
10.4345
10.4345
10.4989
10.4989
10.4099
10.4099
10.1559
10.1559
10.3853
10.3853
10.4451
10.4451
10.4092
10.4092
10.3158
10.3158
10.511
10.511
10.4376
10.4376
10.478
10.478
10.3248
10.3248
10.6685
10.6685
10.3343
10.3343
10.5962
10.5962
10.4916
10.4916
10.458
10.458
10.6412
10.6412
10.675
10.675
10.5463
10.5463
10.3921
10.3921
10.455
10.455
10.3425
10.3425
10.5045
10.5045
10.7034
10.7034
10.3243
10.3243
10.5037
10.5037
10.2217
10.2217
10.5143
10.5143
10.5026
10.5026
10.543
10.543
10.3713
10.3713
10.6279
10.6279
10.823
10.823
10.7481
10.7481
10.7776
10.7776
10.3217
10.3217
10.5865
10.5865
10.3588
10.3588
10.3249
10.3249
10.6852
10.6852
10.6076
10.6076
10.3162
10.3162
10.9525
10.9525
10.404
10.404
10.6998
10.6998
10.3258
10.3258
10.7615
10.7615
10.2785
10.2785
10.4237
10.4237
10.1775
10.1775
10.3226
10.3226
10.4847
10.4847
10.6163
10.6163
10.5627
10.5627
10.4436
10.4436
10.2164
10.2164
10.5291
10.5291
10.7137
10.7137
10.3523
10.3523
10.8028
10.8028
10.2696
10.2696
10.8002
10.8002
10.5486
10.5486
10.6199
10.6199
10.5475
10.5475
10.4638
10.4638
10.8416
10.8416
10.4946
10.4946
10.8617
10.8617
10.5841
10.5841
10.5662
10.5662
10.2717
10.2717
10.3439
10.3439
10.405
10.405
10.4539
10.4539
10.5097
10.5097
10.7926
10.7926
10.2717
10.2717
10.5957
10.5957
10.8692
10.8692
10.2845
10.2845
10.22
10.22
10.6149
10.6149
10.4822
10.4822
10.2953
10.2953
10.4848
10.4848
10.6047
10.6047
10.6601
10.6601
10.2778
10.2778
10.353
10.353
10.6161
10.6161
10.6008
10.6008
10.6472
10.6472
10.4706
10.4706
10.389
10.389
10.5061
10.5061
10.4468
10.4468
10.5817
10.5817
10.3243
10.3243
10.4686
10.4686
10.6146
10.6146
10.6227
10.6227
10.2971
10.2971
10.5295
10.5295
10.0366
10.0366
10.7234
10.7234
10.5331
10.5331
10.5941
10.5941
10.7002
10.7002
10.4814
10.4814
10.6284
10.6284
10.3255
10.3255
10.4454
10.4454
10.549
10.549
10.409
10.409
10.3286
10.3286
10.4919
10.4919
10.7079
10.7079
10.6389
10.6389
10.3857
10.3857
10.2777
10.2777
10.4548
10.4548
10.765
10.765
10.196
10.196
10.7865
10.7865
10.227
10.227
10.1308
10.1308
10.5175
10.5175
10.3952
10.3952
10.311
10.311
10.5984
10.5984
10.3664
10.3664
10.6396
10.6396
10.6861
10.6861
10.7261
10.7261
10.5331
10.5331
10.4634
10.4634
10.4564
10.4564
10.6605
10.6605
10.7648
10.7648
10.3799
10.3799
10.507
10.507
10.2812
10.2812
10.5882
10.5882
10.684
10.684
10.3872
10.3872
10.205
10.205
10.4756
10.4756
10.3748
10.3748
10.6398
10.6398
10.5367
10.5367
10.5396
10.5396
10.6664
10.6664
10.3196
10.3196
10.769
10.769
10.5206
10.5206
10.6595
10.6595
10.6448
10.6448
10.3224
10.3224
10.7654
10.7654
10.4066
10.4066
10.5294
10.5294
10.2366
10.2366
10.375
10.375
10.4998
10.4998
10.5775
10.5775
10.4921
10.4921
10.5909
10.5909
10.1836
10.1836
10.0345
10.0345
10.7073
10.7073
10.8884
10.8884
10.8124
10.8124
10.1324
10.1324
10.7155
10.7155
10.4815
10.4815
10.2659
10.2659
10.5613
10.5613
10.3694
